QX0125
 1.0000000     0.0000189
 0.9965551     0.0007408
 0.9910292     0.0019174
 0.9850559     0.0032073
 0.9786314     0.0045911
 0.9717621     0.0060418
 0.9644761     0.0075833
 0.9568138     0.0092256
 0.9488185     0.0109405
 0.9405352     0.0126832
 0.9320132     0.0144382
 0.9233000     0.0162041
 0.9144481     0.0180373
 0.9054863     0.0199068
 0.8964390     0.0217925
 0.8873236     0.0236726
 0.8781509     0.0255153
 0.8689365     0.0273362
 0.8597026     0.0291997
 0.8504519     0.0310813
 0.8411856     0.0329598
 0.8319027     0.0348130
 0.8226022     0.0366186
 0.8132861     0.0383758
 0.8039698     0.0401542
 0.7946609     0.0419808
 0.7853516     0.0438075
 0.7760352     0.0456040
 0.7667073     0.0473433
 0.7573665     0.0490127
 0.7480186     0.0506382
 0.7386763     0.0522884
 0.7293400     0.0539588
 0.7200034     0.0556125
 0.7106628     0.0572319
 0.7013148     0.0587923
 0.6919585     0.0602858
 0.6826001     0.0617471
 0.6732476     0.0632179
 0.6639004     0.0646905
 0.6545517     0.0661247
 0.6451999     0.0675075
 0.6358432     0.0688203
 0.6264873     0.0701009
 0.6171355     0.0713646
 0.6077886     0.0726144
 0.5984451     0.0738360
 0.5891013     0.0749996
 0.5797579     0.0761010
 0.5704172     0.0771488
 0.5610825     0.0781729
 0.5517560     0.0791892
 0.5424364     0.0801805
 0.5331218     0.0811224
 0.5238124     0.0820053
 0.5145096     0.0828369
 0.5052157     0.0836387
 0.4959317     0.0844160
 0.4866585     0.0851672
 0.4773972     0.0858794
 0.4681484     0.0865338
 0.4589143     0.0871315
 0.4496957     0.0876903
 0.4404922     0.0882173
 0.4313056     0.0887141
 0.4221424     0.0891678
 0.4130144     0.0895703
 0.4039309     0.0899203
 0.3948947     0.0902182
 0.3859014     0.0904690
 0.3769453     0.0906732
 0.3680214     0.0908327
 0.3591260     0.0909335
 0.3502573     0.0909700
 0.3414142     0.0909534
 0.3325973     0.0908898
 0.3238074     0.0907788
 0.3150457     0.0906126
 0.3063130     0.0903875
 0.2976105     0.0900993
 0.2889398     0.0897493
 0.2803025     0.0893424
 0.2716999     0.0888812
 0.2631351     0.0883559
 0.2546097     0.0877718
 0.2461263     0.0871376
 0.2376909     0.0864249
 0.2293019     0.0856687
 0.2209677     0.0848354
 0.2126933     0.0839177
 0.2044788     0.0829567
 0.1963300     0.0819499
 0.1882563     0.0808751
 0.1802675     0.0797153
 0.1723726     0.0784662
 0.1645772     0.0771557
 0.1568853     0.0758211
 0.1493102     0.0744577
 0.1418748     0.0730122
 0.1345959     0.0714807
 0.1274893     0.0698654
 0.1205667     0.0681978
 0.1138389     0.0665093
 0.1073164     0.0648232
 0.1010147     0.0631407
 0.0949599     0.0614226
 0.0891654     0.0596724
 0.0836407     0.0578964
 0.0783868     0.0561155
 0.0734014     0.0543492
 0.0686801     0.0526107
 0.0642178     0.0509096
 0.0600072     0.0492463
 0.0560377     0.0476254
 0.0523029     0.0460381
 0.0487971     0.0444688
 0.0455082     0.0429157
 0.0424191     0.0413902
 0.0395155     0.0398953
 0.0367857     0.0384300
 0.0342175     0.0369942
 0.0317979     0.0355901
 0.0295148     0.0342194
 0.0273569     0.0328827
 0.0253168     0.0315753
 0.0233895     0.0302985
 0.0215686     0.0290365
 0.0198471     0.0277939
 0.0182189     0.0265624
 0.0166792     0.0253539
 0.0152251     0.0241567
 0.0138523     0.0229789
 0.0125545     0.0217937
 0.0113279     0.0206275
 0.0101721     0.0194676
 0.0090854     0.0183133
 0.0080639     0.0171662
 0.0071046     0.0160254
 0.0062090     0.0148884
 0.0053771     0.0137577
 0.0046048     0.0126328
 0.0038874     0.0115122
 0.0032210     0.0103948
 0.0026033     0.0092803
 0.0020341     0.0081718
 0.0015227     0.0070574
 0.0010946     0.0059406
 0.0007626     0.0048174
 0.0005140     0.0037025
 0.0003228     0.0026047
 0.0001657     0.0014897
 0.0000449     0.0004533
 0.0000000    -0.0006289
 0.0001075    -0.0016814
 0.0002196    -0.0027408
 0.0003643    -0.0038338
 0.0005681    -0.0049309
 0.0008508    -0.0060363
 0.0012264    -0.0071376
 0.0017025    -0.0082244
 0.0022742    -0.0092990
 0.0029332    -0.0103204
 0.0036676    -0.0113269
 0.0044670    -0.0123122
 0.0053248    -0.0132844
 0.0062457    -0.0142436
 0.0072352    -0.0151805
 0.0082912    -0.0160973
 0.0094115    -0.0169947
 0.0105987    -0.0178762
 0.0118544    -0.0187308
 0.0131778    -0.0195681
 0.0145684    -0.0203905
 0.0160283    -0.0212006
 0.0175604    -0.0220001
 0.0191673    -0.0227934
 0.0208521    -0.0235830
 0.0226200    -0.0243668
 0.0244777    -0.0251415
 0.0264314    -0.0259078
 0.0284869    -0.0266667
 0.0306499    -0.0274222
 0.0329274    -0.0281776
 0.0353283    -0.0289339
 0.0378626    -0.0296914
 0.0405410    -0.0304483
 0.0433759    -0.0312012
 0.0463802    -0.0319457
 0.0495679    -0.0326781
 0.0529526    -0.0333998
 0.0565460    -0.0341311
 0.0603625    -0.0348790
 0.0644214    -0.0356189
 0.0687387    -0.0363467
 0.0733282    -0.0370655
 0.0782039    -0.0377634
 0.0833769    -0.0384300
 0.0888544    -0.0390606
 0.0946387    -0.0396652
 0.1007255    -0.0402923
 0.1071110    -0.0409196
 0.1137889    -0.0415055
 0.1207466    -0.0420312
 0.1279667    -0.0424997
 0.1354297    -0.0429143
 0.1431150    -0.0432714
 0.1509995    -0.0436366
 0.1590640    -0.0439906
 0.1672913    -0.0442836
 0.1756640    -0.0445045
 0.1841660    -0.0446613
 0.1927832    -0.0447603
 0.2015029    -0.0448337
 0.2103143    -0.0449144
 0.2192085    -0.0449544
 0.2281776    -0.0449404
 0.2372142    -0.0448687
 0.2463125    -0.0447600
 0.2554676    -0.0446402
 0.2646750    -0.0445157
 0.2739306    -0.0443766
 0.2832305    -0.0442005
 0.2925715    -0.0439838
 0.3019507    -0.0437366
 0.3113655    -0.0434602
 0.3208134    -0.0431693
 0.3302918    -0.0428700
 0.3397977    -0.0425579
 0.3493292    -0.0422275
 0.3588837    -0.0418799
 0.3684575    -0.0415142
 0.3780452    -0.0411335
 0.3876396    -0.0407355
 0.3972316    -0.0403182
 0.4068117    -0.0398899
 0.4163754    -0.0394588
 0.4259263    -0.0390237
 0.4354758    -0.0385739
 0.4450341    -0.0380950
 0.4546053    -0.0375847
 0.4641886    -0.0370561
 0.4737825    -0.0365280
 0.4833868    -0.0360107
 0.4930022    -0.0354938
 0.5026284    -0.0349467
 0.5122642    -0.0343535
 0.5219100    -0.0337323
 0.5315672    -0.0331153
 0.5412361    -0.0325190
 0.5509163    -0.0319410
 0.5606054    -0.0313455
 0.5703004    -0.0306881
 0.5800011    -0.0299815
 0.5897107    -0.0292798
 0.5994314    -0.0286160
 0.6091612    -0.0279774
 0.6188979    -0.0273300
 0.6286370    -0.0266236
 0.6383782    -0.0258607
 0.6481261    -0.0251077
 0.6578816    -0.0243812
 0.6676441    -0.0236815
 0.6774116    -0.0229890
 0.6871806    -0.0222598
 0.6969482    -0.0214694
 0.7067194    -0.0206817
 0.7164961    -0.0199249
 0.7262766    -0.0191868
 0.7360610    -0.0184753
 0.7458474    -0.0177702
 0.7556306    -0.0170137
 0.7654118    -0.0162273
 0.7751946    -0.0154638
 0.7849781    -0.0147205
 0.7947615    -0.0139983
 0.8045445    -0.0133062
 0.8143214    -0.0125897
 0.8240893    -0.0118349
 0.8338496    -0.0110936
 0.8436010    -0.0103877
 0.8533383    -0.0097105
 0.8630560    -0.0090602
 0.8727454    -0.0084168
 0.8823958    -0.0077666
 0.8919949    -0.0071313
 0.9015250    -0.0065251
 0.9109622    -0.0059347
 0.9202764    -0.0053729
 0.9294300    -0.0048698
 0.9383760    -0.0043809
 0.9470614    -0.0039104
 0.9554299    -0.0034591
 0.9634246    -0.0030595
 0.9709941    -0.0027111
 0.9781001    -0.0023889
 0.9847210    -0.0020898
 0.9908508    -0.0018331
 0.9964948    -0.0016199
 1.0000000    -0.0014954
